000001 1
000002 2
000003 3
000004 1
000005 2
000006 3
000007 1
000008 2
000009 3
000010 1
000011 2
000012 3
000013 1
000014 2
000015 3
000016 1
000017 2
000018 3
000019 1
000020 2
000021 3
000022 1
000023 2
000024 3
000025 1
000026 2
000027 3
000028 1
000029 2
000030 3
000031 1
000032 2
000033 3
000034 1
000035 2
000036 3
000037 1
000038 2
000039 3
000040 1
000041 2
000042 3
000043 1
000044 2
000045 3
000046 1
000047 2
000048 3
000049 1
000050 2
000051 3
000052 1
000053 2
000054 3
000055 1
000056 2
000057 3
000058 1
000059 2
000060 3
000061 1
000062 2
000063 3
000064 1
000065 2
000066 3
000067 1
000068 2
000069 3
000070 1
000071 2
000072 3
000073 1
000074 2
000075 3
000076 1
000077 2
000078 3
000079 1
000080 2
000081 3
000082 1
000083 2
000084 3
000085 1
000086 2
000087 3
000088 1
000089 2
000090 3
000091 1
000092 2
000093 3
000094 1
000095 2
000096 3
000097 1
000098 2
000099 3
000100 1
000101 2
000102 3
000103 1
000104 2
000105 3
000106 1
000107 2
000108 3
000109 1
000110 2
000111 3
000112 1
000113 2
000114 3
000115 1
000116 2
000117 3
000118 1
000119 2
000120 3
000121 1
000122 2
000123 3
000124 1
000125 2
000126 3
000127 1
000128 2
000129 3
000130 1
000131 2
000132 3
000133 1
000134 2
000135 3
000136 1
000137 2
000138 3
000139 1
000140 2
000141 3
000142 1
000143 2
000144 3
000145 1
000146 2
000147 3
000148 1
000149 2
000150 3
000151 1
000152 2
000153 3
000154 1
000155 2
000156 3
000157 1
000158 2
000159 3
000160 1
000161 2
000162 3
000163 1
000164 2
000165 3
000166 1
000167 2
000168 3
000169 1
000170 2
000171 3
000172 1
000173 2
000174 3
000175 1
000176 2
000177 3
000178 1
000179 2
000180 3
000181 1
000182 2
000183 3
000184 1
000185 2
000186 3
000187 1
000188 2
000189 3
000190 1
000191 2
000192 3
000193 1
000194 2
000195 3
000196 1
000197 2
000198 3
000199 1
000200 2
000201 3
000202 1
000203 2
000204 3
000205 1
000206 2
000207 3
000208 1
000209 2
000210 3
000211 1
000212 2
000213 3
000214 1
000215 2
000216 3
000217 1
000218 2
000219 3
000220 1
000221 2
000222 3
000223 1
000224 2
000225 3
000226 1
000227 2
000228 3
000229 1
000230 2
000231 3
000232 1
000233 2
000234 3
000235 1
000236 2
000237 3
000238 1
000239 2
000240 3
000241 1
000242 2
000243 3
000244 1
000245 2
000246 3
000247 1
000248 2
000249 3
000250 1
000251 2
000252 3
000253 1
000254 2
000255 3
000256 1
000257 2
000258 3
000259 1
000260 2
000261 3
000262 1
000263 2
000264 3
000265 1
000266 2
000267 3
000268 1
000269 2
000270 3
000271 1
000272 2
000273 3
000274 1
000275 2
000276 3
000277 1
000278 2
000279 3
000280 1
000281 2
000282 3
000283 1
000284 2
000285 3
000286 1
000287 2
000288 3
000289 1
000290 2
000291 3
000292 1
000293 2
000294 3
000295 1
000296 2
000297 3
000298 1
000299 2
000300 3
000301 1
000302 2
000303 3
000304 1
000305 2
000306 3
000307 1
000308 2
000309 3
000310 1
000311 2
000312 3
000313 1
000314 2
000315 3
000316 1
000317 2
000318 3
000319 1
000320 2
000321 3
000322 1
000323 2
000324 3
000325 1
000326 2
000327 3
000328 1
000329 2
000330 3
000331 1
000332 2
000333 3
000334 1
000335 2
000336 3
000337 1
000338 2
000339 3
000340 1
000341 2
000342 3
000343 1
000344 2
000345 3
000346 1
000347 2
000348 3
000349 1
000350 2
000351 3
000352 1
000353 2
000354 3
000355 1
000356 2
000357 3
000358 1
000359 2
000360 3
000361 1
000362 2
000363 3
000364 1
000365 2
000366 3
000367 1
000368 2
000369 3
000370 1
000371 2
000372 3
000373 1
000374 2
000375 3
000376 1
000377 2
000378 3
000379 1
000380 2
000381 3
000382 1
000383 2
000384 3
000385 1
000386 2
000387 3
000388 1
000389 2
000390 3
000391 1
000392 2
000393 3
000394 1
000395 2
000396 3
000397 1
000398 2
000399 3
000400 1
000401 2
000402 3
000403 1
000404 2
000405 3
000406 1
000407 2
000408 3
000409 1
000410 2
000411 3
000412 1
000413 2
000414 3
000415 1
000416 2
000417 3
000418 1
000419 2
000420 3
000421 1
000422 2
000423 3
000424 1
000425 2
000426 3
000427 1
000428 2
000429 3
000430 1
000431 2
000432 3
000433 1
000434 2
000435 3
000436 1
000437 2
000438 3
000439 1
000440 2
000441 3
000442 1
000443 2
000444 3
000445 1
000446 2
000447 3
000448 1
000449 2
000450 3
000451 1
000452 2
000453 3
000454 1
000455 2
000456 3
000457 1
000458 2
000459 3
000460 1
000461 2
000462 3
000463 1
000464 2
000465 3
000466 1
000467 2
000468 3
000469 1
000470 2
000471 3
000472 1
000473 2
000474 3
000475 1
000476 2
000477 3
000478 1
000479 2
000480 3
000481 1
000482 2
000483 3
000484 1
000485 2
000486 3
000487 1
000488 2
000489 3
000490 1
000491 2
000492 3
000493 1
000494 2
000495 3
000496 1
000497 2
000498 3
000499 1
000500 2
000501 3
000502 1
000503 2
000504 3
000505 1
000506 2
000507 3
000508 1
000509 2
000510 3
000511 1
000512 2
000513 3
000514 1
000515 2
000516 3
000517 1
000518 2
000519 3
000520 1
000521 2
000522 3
000523 1
000524 2
000525 3
000526 1
000527 2
000528 3
000529 1
000530 2
000531 3
000532 1
000533 2
000534 3
000535 1
000536 2
000537 3
000538 1
000539 2
000540 3
000541 1
000542 2
000543 3
000544 1
000545 2
000546 3
000547 1
000548 2
000549 3
000550 1
000551 2
000552 3
000553 1
000554 2
000555 3
000556 1
000557 2
000558 3
000559 1
000560 2
000561 3
000562 1
000563 2
000564 3
000565 1
000566 2
000567 3
000568 1
000569 2
000570 3
000571 1
000572 2
000573 3
000574 1
000575 2
000576 3
000577 1
000578 2
000579 3
000580 1
000581 2
000582 3
000583 1
000584 2
000585 3
000586 1
000587 2
000588 3
000589 1
000590 2
000591 3
000592 1
000593 2
000594 3
000595 1
000596 2
000597 3
000598 1
000599 2
000600 3
000601 1
000602 2
000603 3
000604 1
000605 2
000606 3
000607 1
000608 2
000609 3
000610 1
000611 2
000612 3
000613 1
000614 2
000615 3
000616 1
000617 2
000618 3
000619 1
000620 2
000621 3
000622 1
000623 2
000624 3
000625 1
000626 2
000627 3
000628 1
000629 2
000630 3
000631 1
000632 2
000633 3
000634 1
000635 2
000636 3
000637 1
000638 2
000639 3
000640 1
000641 2
000642 3
000643 1
000644 2
000645 3
000646 1
000647 2
000648 3
000649 1
000650 2
000651 3
000652 1
000653 2
000654 3
000655 1
000656 2
000657 3
000658 1
000659 2
000660 3
000661 1
000662 2
000663 3
000664 1
000665 2
000666 3
000667 1
000668 2
000669 3
000670 1
000671 2
000672 3
000673 1
000674 2
000675 3
000676 1
000677 2
000678 3
000679 1
000680 2
000681 3
000682 1
000683 2
000684 3
000685 1
000686 2
000687 3
000688 1
000689 2
000690 3
000691 1
000692 2
000693 3
000694 1
000695 2
000696 3
000697 1
000698 2
000699 3
000700 1
000701 2
000702 3
000703 1
000704 2
000705 3
000706 1
000707 2
000708 3
000709 1
000710 2
000711 3
000712 1
000713 2
000714 3
000715 1
000716 2
000717 3
000718 1
000719 2
000720 3
000721 1
000722 2
000723 3
000724 1
000725 2
000726 3
000727 1
000728 2
000729 3
000730 1
000731 2
000732 3
000733 1
000734 2
000735 3
000736 1
000737 2
000738 3
000739 1
000740 2
000741 3
000742 1
000743 2
000744 3
000745 1
000746 2
000747 3
000748 1
000749 2
000750 3
000751 1
000752 2
000753 3
000754 1
000755 2
000756 3
000757 1
000758 2
000759 3
000760 1
000761 2
000762 3
000763 1
000764 2
000765 3
000766 1
000767 2
000768 3
000769 1
000770 2
000771 3
000772 1
000773 2
000774 3
000775 1
000776 2
000777 3
000778 1
000779 2
000780 3
000781 1
000782 2
000783 3
000784 1
000785 2
000786 3
000787 1
000788 2
000789 3
000790 1
000791 2
000792 3
000793 1
000794 2
000795 3
000796 1
000797 2
000798 3
000799 1
000800 2
000801 3
000802 1
000803 2
000804 3
000805 1
000806 2
000807 3
000808 1
000809 2
000810 3
000811 1
000812 2
000813 3
000814 1
000815 2
000816 3
000817 1
000818 2
000819 3
000820 1
000821 2
000822 3
000823 1
000824 2
000825 3
000826 1
000827 2
000828 3
000829 1
000830 2
000831 3
000832 1
000833 2
000834 3
000835 1
000836 2
000837 3
000838 1
000839 2
000840 3
000841 1
000842 2
000843 3
000844 1
000845 2
000846 3
000847 1
000848 2
000849 3
000850 1
000851 2
000852 3
000853 1
000854 2
000855 3
000856 1
000857 2
000858 3
000859 1
000860 2
000861 3
000862 1
000863 2
000864 3
000865 1
000866 2
000867 3
000868 1
000869 2
000870 3
000871 1
000872 2
000873 3
000874 1
000875 2
000876 3
000877 1
000878 2
000879 3
000880 1
000881 2
000882 3
000883 1
000884 2
000885 3
000886 1
000887 2
000888 3
000889 1
000890 2
000891 3
000892 1
000893 2
000894 3
000895 1
000896 2
000897 3
000898 1
000899 2
000900 3
000901 1
000902 2
000903 3
000904 1
000905 2
000906 3
000907 1
000908 2
000909 3
000910 1
000911 2
000912 3
000913 1
000914 2
000915 3
000916 1
000917 2
000918 3
000919 1
000920 2
000921 3
000922 1
000923 2
000924 3
000925 1
000926 2
000927 3
000928 1
000929 2
000930 3
000931 1
000932 2
000933 3
000934 1
000935 2
000936 3
000937 1
000938 2
000939 3
000940 1
000941 2
000942 3
000943 1
000944 2
000945 3
000946 1
000947 2
000948 3
000949 1
000950 2
000951 3
000952 1
000953 2
000954 3
000955 1
000956 2
000957 3
000958 1
000959 2
000960 3
000961 1
000962 2
000963 3
000964 1
000965 2
000966 3
000967 1
000968 2
000969 3
000970 1
000971 2
000972 3
000973 1
000974 2
000975 3
000976 1
000977 2
000978 3
000979 1
000980 2
000981 3
000982 1
000983 2
000984 3
000985 1
000986 2
000987 3
000988 1
000989 2
000990 3
000991 1
000992 2
000993 3
000994 1
000995 2
000996 3
000997 1
000998 2
000999 3
001000 1
001001 2
001002 3
001003 1
001004 2
001005 3
001006 1
001007 2
001008 3
001009 1
001010 2
001011 3
001012 1
001013 2
001014 3
001015 1
001016 2
001017 3
001018 1
001019 2
001020 3
001021 1
001022 2
001023 3
001024 1
001025 2
001026 3
001027 1
001028 2
001029 3
001030 1
001031 2
001032 3
001033 1
001034 2
001035 3
001036 1
001037 2
001038 3
001039 1
001040 2
001041 3
001042 1
001043 2
001044 3
001045 1
001046 2
001047 3
001048 1
001049 2
001050 3
001051 1
001052 2
001053 3
001054 1
001055 2
001056 3
001057 1
001058 2
001059 3
001060 1
001061 2
001062 3
001063 1
001064 2
001065 3
001066 1
001067 2
001068 3
001069 1
001070 2
001071 3
001072 1
001073 2
001074 3
001075 1
001076 2
001077 3
001078 1
001079 2
001080 3
001081 1
001082 2
001083 3
001084 1
001085 2
001086 3
001087 1
001088 2
001089 3
001090 1
001091 2
001092 3
001093 1
001094 2
001095 3
001096 1
001097 2
001098 3
001099 1
001100 2
001101 3
001102 1
001103 2
001104 3
001105 1
001106 2
001107 3
001108 1
001109 2
001110 3
001111 1
001112 2
001113 3
001114 1
001115 2
001116 3
001117 1
001118 2
001119 3
001120 1
001121 2
001122 3
001123 1
001124 2
001125 3
001126 1
001127 2
001128 3
001129 1
001130 2
001131 3
001132 1
001133 2
001134 3
001135 1
001136 2
001137 3
001138 1
001139 2
001140 3
001141 1
001142 2
001143 3
001144 1
001145 2
001146 3
001147 1
001148 2
001149 3
001150 1
001151 2
001152 3
001153 1
001154 2
001155 3
001156 1
001157 2
001158 3
001159 1
001160 2
001161 3
001162 1
001163 2
001164 3
001165 1
001166 2
001167 3
001168 1
001169 2
001170 3
001171 1
001172 2